187.9	0.8351	2.567
188.1	0.8394	2.57
188.4	0.8434	2.573
188.7	0.8475	2.576
189	0.8518	2.579
189.3	0.8558	2.582
189.6	0.8598	2.585
189.9	0.864	2.588
190.2	0.8679	2.592
190.5	0.872	2.595
190.7	0.876	2.598
191	0.88	2.601
191.3	0.884	2.604
191.6	0.888	2.607
191.9	0.8918	2.611
192.2	0.8958	2.614
192.5	0.8998	2.617
192.8	0.9035	2.621
193.1	0.9074	2.624
193.4	0.9113	2.628
193.7	0.9152	2.631
194	0.9189	2.635
194.3	0.9228	2.638
194.6	0.9265	2.642
194.9	0.9302	2.646
195.3	0.934	2.649
195.6	0.9377	2.653
195.9	0.9414	2.657
196.2	0.945	2.661
196.5	0.9487	2.665
196.8	0.9523	2.669
197.1	0.956	2.673
197.4	0.9598	2.676
197.7	0.9633	2.681
198.1	0.9668	2.686
198.4	0.9705	2.69
198.7	0.9741	2.695
199	0.9779	2.699
199.3	0.9814	2.704
199.7	0.9851	2.708
200	0.9888	2.713
200.3	0.9925	2.719
200.6	0.9964	2.724
200.9	1	2.729
201.3	1.004	2.734
201.6	1.008	2.74
201.9	1.012	2.746
202.3	1.016	2.752
202.6	1.021	2.757
202.9	1.025	2.763
203.3	1.03	2.77
203.6	1.034	2.777
203.9	1.039	2.783
204.3	1.045	2.789
204.6	1.05	2.796
204.9	1.056	2.802
205.3	1.061	2.809
205.6	1.067	2.816
206	1.074	2.823
206.3	1.08	2.83
206.6	1.087	2.837
207	1.094	2.843
207.3	1.102	2.85
207.7	1.109	2.857
208	1.117	2.863
208.4	1.125	2.87
208.7	1.134	2.876
209.1	1.143	2.882
209.4	1.152	2.888
209.8	1.161	2.893
210.1	1.17	2.899
210.5	1.18	2.904
210.9	1.19	2.908
211.2	1.2	2.913
211.6	1.21	2.917
211.9	1.22	2.921
212.3	1.231	2.924
212.7	1.241	2.927
213	1.251	2.93
213.4	1.262	2.932
213.8	1.272	2.934
214.1	1.283	2.936
214.5	1.293	2.936
214.9	1.303	2.937
215.3	1.312	2.938
215.6	1.322	2.937
216	1.332	2.937
216.4	1.341	2.937
216.8	1.35	2.936
217.1	1.358	2.934
217.5	1.366	2.933
217.9	1.375	2.931
218.3	1.382	2.93
218.7	1.389	2.928
219.1	1.396	2.926
219.4	1.402	2.924
219.8	1.408	2.922
220.2	1.414	2.919
220.6	1.42	2.917
221	1.425	2.915
221.4	1.429	2.913
221.8	1.433	2.91
222.2	1.437	2.908
222.6	1.44	2.907
223	1.444	2.905
223.4	1.446	2.903
223.8	1.449	2.902
224.2	1.451	2.901
224.6	1.453	2.899
225	1.455	2.899
225.4	1.456	2.898
225.8	1.457	2.898
226.2	1.458	2.898
226.7	1.459	2.898
227.1	1.459	2.898
227.5	1.46	2.899
227.9	1.46	2.9
228.3	1.46	2.901
228.8	1.46	2.903
229.2	1.46	2.905
229.6	1.459	2.907
230	1.459	2.909
230.5	1.459	2.912
230.9	1.458	2.915
231.3	1.457	2.919
231.7	1.457	2.923
232.2	1.456	2.927
232.6	1.456	2.931
233.1	1.455	2.935
233.5	1.455	2.94
233.9	1.454	2.945
234.4	1.453	2.95
234.8	1.453	2.956
235.3	1.452	2.962
235.7	1.452	2.968
236.2	1.451	2.975
236.6	1.451	2.982
237.1	1.45	2.989
237.5	1.45	2.996
238	1.45	3.004
238.4	1.45	3.012
238.9	1.45	3.02
239.4	1.45	3.028
239.8	1.45	3.037
240.3	1.45	3.046
240.7	1.451	3.055
241.2	1.451	3.065
241.7	1.452	3.075
242.2	1.453	3.085
242.6	1.454	3.095
243.1	1.455	3.106
243.6	1.456	3.116
244.1	1.457	3.127
244.5	1.459	3.139
245	1.461	3.151
245.5	1.463	3.162
246	1.465	3.174
246.5	1.467	3.187
247	1.47	3.199
247.5	1.472	3.212
248	1.475	3.225
248.5	1.478	3.238
249	1.481	3.252
249.5	1.485	3.265
250	1.489	3.279
250.5	1.493	3.294
251	1.497	3.308
251.5	1.502	3.323
252	1.506	3.337
252.5	1.511	3.353
253	1.516	3.368
253.5	1.522	3.383
254.1	1.527	3.399
254.6	1.534	3.415
255.1	1.54	3.431
255.6	1.546	3.448
256.2	1.553	3.464
256.7	1.56	3.481
257.2	1.568	3.498
257.8	1.575	3.516
258.3	1.583	3.533
258.8	1.592	3.551
259.4	1.6	3.569
259.9	1.609	3.587
260.5	1.618	3.606
261	1.627	3.625
261.6	1.637	3.644
262.1	1.647	3.663
262.7	1.657	3.683
263.2	1.667	3.703
263.8	1.678	3.724
264.4	1.689	3.745
264.9	1.701	3.766
265.5	1.712	3.788
266.1	1.724	3.81
266.6	1.737	3.833
267.2	1.749	3.857
267.8	1.762	3.882
268.4	1.776	3.907
268.9	1.791	3.933
269.5	1.806	3.961
270.1	1.822	3.989
270.7	1.839	4.019
271.3	1.857	4.05
271.9	1.876	4.082
272.5	1.898	4.116
273.1	1.921	4.151
273.7	1.947	4.187
274.3	1.975	4.224
274.9	2.006	4.262
275.5	2.041	4.3
276.1	2.079	4.339
276.8	2.12	4.378
277.4	2.166	4.416
278	2.216	4.454
278.6	2.27	4.489
279.2	2.329	4.523
279.9	2.391	4.554
280.5	2.457	4.581
281.1	2.527	4.604
281.8	2.6	4.624
282.4	2.676	4.638
283.1	2.754	4.647
283.7	2.833	4.651
284.4	2.913	4.648
285	2.993	4.64
285.7	3.073	4.626
286.3	3.152	4.606
287	3.228	4.58
287.7	3.302	4.549
288.3	3.372	4.513
289	3.439	4.473
289.7	3.501	4.429
290.4	3.559	4.381
291	3.613	4.331
291.7	3.661	4.279
292.4	3.704	4.226
293.1	3.742	4.172
293.8	3.776	4.118
294.5	3.805	4.064
295.2	3.829	4.012
295.9	3.85	3.961
296.6	3.867	3.911
297.3	3.882	3.863
298	3.893	3.818
298.8	3.903	3.774
299.5	3.91	3.733
300.2	3.916	3.694
300.9	3.921	3.658
301.7	3.925	3.623
302.4	3.929	3.59
303.1	3.932	3.559
303.9	3.935	3.53
304.6	3.938	3.502
305.4	3.941	3.475
306.1	3.944	3.449
306.9	3.947	3.425
307.7	3.95	3.401
308.4	3.953	3.377
309.2	3.957	3.355
310	3.96	3.333
310.7	3.963	3.311
311.5	3.967	3.29
312.3	3.97	3.27
313.1	3.973	3.249
313.9	3.977	3.229
314.7	3.98	3.21
315.5	3.983	3.191
316.3	3.986	3.172
317.1	3.989	3.153
317.9	3.992	3.135
318.7	3.994	3.117
319.5	3.997	3.099
320.4	3.999	3.082
321.2	4.002	3.065
322	4.004	3.048
322.9	4.006	3.031
323.7	4.008	3.015
324.6	4.01	2.999
325.4	4.011	2.984
326.3	4.013	2.969
327.1	4.015	2.954
328	4.016	2.939
328.9	4.018	2.925
329.7	4.019	2.911
330.6	4.02	2.897
331.5	4.022	2.884
332.4	4.023	2.871
333.3	4.024	2.858
334.2	4.025	2.845
335.1	4.026	2.833
336	4.028	2.821
336.9	4.029	2.81
337.8	4.03	2.798
338.8	4.031	2.787
339.7	4.033	2.777
340.6	4.034	2.766
341.6	4.036	2.756
342.5	4.037	2.746
343.4	4.039	2.736
344.4	4.041	2.727
345.4	4.043	2.718
346.3	4.045	2.709
347.3	4.047	2.7
348.3	4.05	2.692
349.3	4.053	2.684
350.2	4.056	2.675
351.2	4.059	2.667
352.2	4.063	2.659
353.2	4.067	2.652
354.2	4.071	2.644
355.3	4.076	2.636
356.3	4.081	2.628
357.3	4.086	2.62
358.3	4.092	2.612
359.4	4.098	2.604
360.4	4.104	2.595
361.5	4.111	2.586
362.5	4.117	2.577
363.6	4.124	2.567
364.7	4.131	2.557
365.7	4.138	2.546
366.8	4.144	2.535
367.9	4.151	2.523
369	4.157	2.511
370.1	4.163	2.499
371.2	4.168	2.486
372.3	4.173	2.473
373.4	4.177	2.459
374.6	4.181	2.446
375.7	4.184	2.433
376.9	4.187	2.421
378	4.189	2.408
379.2	4.191	2.396
380.3	4.194	2.384
381.5	4.196	2.372
382.7	4.199	2.36
383.9	4.202	2.348
385	4.204	2.336
386.2	4.206	2.323
387.5	4.208	2.31
388.7	4.21	2.297
389.9	4.211	2.283
391.1	4.211	2.269
392.4	4.211	2.256
393.6	4.209	2.242
394.9	4.207	2.228
396.1	4.205	2.215
397.4	4.201	2.202
398.7	4.197	2.19
399.9	4.192	2.178
401.2	4.187	2.167
402.5	4.181	2.157
403.9	4.175	2.147
405.2	4.168	2.138
406.5	4.161	2.131
407.8	4.154	2.124
409.2	4.147	2.117
410.5	4.14	2.112
411.9	4.133	2.107
413.3	4.126	2.104
414.7	4.119	2.101
416.1	4.113	2.099
417.5	4.107	2.097
418.9	4.101	2.097
420.3	4.096	2.097
421.7	4.091	2.097
423.2	4.086	2.098
424.6	4.082	2.1
426.1	4.079	2.102
427.5	4.076	2.105
429	4.073	2.107
430.5	4.071	2.111
432	4.07	2.115
433.5	4.069	2.119
435	4.068	2.123
436.6	4.069	2.127
438.1	4.069	2.132
439.7	4.071	2.137
441.2	4.072	2.142
442.8	4.075	2.147
444.4	4.077	2.152
446	4.081	2.158
447.6	4.084	2.164
449.2	4.089	2.169
450.9	4.094	2.175
452.5	4.099	2.181
454.2	4.105	2.187
455.8	4.111	2.193
457.5	4.117	2.199
459.2	4.125	2.204
460.9	4.132	2.211
462.6	4.14	2.217
464.4	4.149	2.223
466.1	4.158	2.229
467.9	4.167	2.235
469.6	4.177	2.242
471.4	4.188	2.248
473.2	4.199	2.254
475	4.21	2.261
476.9	4.222	2.267
478.7	4.235	2.274
480.6	4.248	2.28
482.4	4.261	2.287
484.3	4.276	2.294
486.2	4.29	2.3
488.1	4.306	2.307
490.1	4.322	2.314
492	4.339	2.322
494	4.357	2.329
495.9	4.376	2.337
497.9	4.395	2.345
499.9	4.416	2.353
502	4.439	2.361
504	4.463	2.369
506.1	4.488	2.378
508.1	4.516	2.386
510.2	4.546	2.394
512.3	4.578	2.4
514.5	4.613	2.406
516.6	4.65	2.41
518.8	4.69	2.411
520.9	4.731	2.41
523.1	4.775	2.405
525.4	4.82	2.397
527.6	4.865	2.385
529.8	4.91	2.368
532.1	4.953	2.348
534.4	4.996	2.323
536.7	5.035	2.296
539.1	5.072	2.265
541.4	5.105	2.233
543.8	5.134	2.2
546.2	5.16	2.167
548.6	5.183	2.134
551	5.202	2.104
553.5	5.219	2.076
556	5.236	2.051
558.5	5.252	2.031
561	5.27	2.014
563.6	5.292	2
566.1	5.319	1.989
568.7	5.353	1.979
571.4	5.396	1.966
574	5.446	1.948
576.7	5.504	1.92
579.4	5.564	1.88
582.1	5.625	1.826
584.8	5.68	1.759
587.6	5.725	1.681
590.4	5.758	1.595
593.2	5.778	1.505
596.1	5.785	1.416
599	5.78	1.329
601.9	5.766	1.249
604.8	5.745	1.175
607.8	5.719	1.108
610.8	5.69	1.047
613.8	5.66	0.9913
616.8	5.628	0.9408
619.9	5.596	0.8947
623	5.564	0.8524
626.2	5.532	0.8137
629.4	5.5	0.778
632.6	5.468	0.7453
635.8	5.437	0.7151
639.1	5.407	0.6874
642.4	5.377	0.6618
645.8	5.348	0.6382
649.1	5.319	0.6164
652.5	5.292	0.5961
656	5.265	0.5774
659.5	5.239	0.5599
663	5.214	0.5435
666.6	5.19	0.5282
670.2	5.167	0.5137
673.8	5.144	0.5001
677.5	5.122	0.4871
681.2	5.101	0.4748
685	5.081	0.463
688.8	5.061	0.4517
692.6	5.041	0.4409
696.5	5.022	0.4305
700.5	5.004	0.4204
704.5	4.986	0.4108
708.5	4.969	0.4015
712.6	4.951	0.3925
716.7	4.935	0.3838
720.8	4.918	0.3755
725.1	4.902	0.3674
729.3	4.887	0.3597
733.6	4.871	0.3522
738	4.856	0.3449
742.4	4.841	0.338
746.9	4.827	0.3313
751.4	4.812	0.3248
756	4.798	0.3186
760.6	4.785	0.3126
765.3	4.771	0.3068
770.1	4.758	0.3012
774.9	4.745	0.2958
779.8	4.733	0.2906
784.7	4.721	0.2855
789.7	4.708	0.2807
794.8	4.697	0.276
799.9	4.685	0.2714
805.1	4.674	0.267
810.4	4.663	0.2628
815.7	4.652	0.2587
821.1	4.641	0.2547
826.6	4.631	0.2508
832.1	4.621	0.247
837.7	4.611	0.2433
843.4	4.601	0.2397
849.2	4.591	0.2362
855.1	4.582	0.2328
861	4.573	0.2295
867	4.564	0.2262
873.1	4.555	0.223
879.3	4.546	0.2199
885.6	4.538	0.2168
892	4.53	0.2137
898.4	4.522	0.2108
905	4.514	0.2078
911.6	4.506	0.2049
918.4	4.499	0.202
925.3	4.492	0.1991
932.2	4.484	0.1963
939.3	4.477	0.1935
946.4	4.47	0.1907
953.7	4.464	0.188
961.1	4.457	0.1852
968.6	4.45	0.1825
976.3	4.444	0.1797
984	4.438	0.177
991.9	4.432	0.1743
999.9	4.426	0.1716
1008	4.42	0.1689
1016	4.414	0.1661
1025	4.408	0.1634
1033	4.403	0.1607
1042	4.397	0.158
1051	4.392	0.1553
1060	4.387	0.1525
1069	4.382	0.1498
1078	4.377	0.147
1088	4.372	0.1442
1097	4.368	0.1412
1107	4.364	0.1378
1117	4.36	0.1338
1127	4.355	0.1292
1137	4.35	0.1245
1148	4.344	0.1204
1159	4.337	0.1171
1170	4.331	0.1143
1181	4.326	0.1118
1192	4.32	0.1093
1204	4.315	0.1068
1216	4.31	0.1044
1228	4.306	0.1019
1240	4.301	0.09945
1252	4.296	0.09698
1265	4.292	0.09449
1278	4.287	0.092
1292	4.283	0.0895
1305	4.279	0.08699
1319	4.275	0.08447
1333	4.271	0.08194
1348	4.267	0.07941
1362	4.263	0.07687
1378	4.259	0.07433
1393	4.256	0.0718
1409	4.253	0.06928
1425	4.249	0.06677
1442	4.246	0.06429
1459	4.244	0.06183
1476	4.242	0.05941
1494	4.241	0.057
1512	4.243	0.05406
1531	4.249	0.04564
1550	4.25	0.02519
1569	4.234	0.00765
1590	4.216	0.00276
1610	4.204	0.00192
1631	4.194	0.00147
1653	4.186	0.00111
1675	4.178	8.20E-04
1698	4.171	5.97E-04
1722	4.164	4.26E-04
1746	4.158	2.98E-04
1771	4.152	2.05E-04
1797	4.146	1.38E-04
1823	4.141	9.06E-05
1851	4.136	5.84E-05
1879	4.131	3.68E-05
1907	4.126	2.27E-05
1937	4.122	1.37E-05
1968	4.117	8.05E-06
2000	4.113	4.63E-06
2033	4.109	2.61E-06
2066	4.105	1.43E-06
2101	4.101	7.69E-07
2138	4.097	4.04E-07
2175	4.094	2.07E-07
2214	4.09	0
2254	4.087	0
2296	4.083	0
2339	4.08	0
2384	4.077	0
2431	4.074	0
2480	4.071	0
2600	4.06049	0
2720	4.05493	0
2840	4.05013	0
2960	4.04596	0
3080	4.04229	0
3200	4.03906	0
3320	4.03619	0
3440	4.03364	0
3560	4.03135	0
3680	4.0293	0
3800	4.02744	0
3920	4.02576	0
4040	4.02423	0
4160	4.02283	0
4280	4.02156	0
4400	4.02039	0
4520	4.01931	0
4640	4.01832	0
4760	4.01741	0
4880	4.01656	0
5000	4.01578	0
5120	4.01505	0
5240	4.01437	0
5360	4.01374	0
5480	4.01314	0
5600	4.01259	0
5720	4.01207	0
5840	4.01159	0
5960	4.01113	0
6080	4.0107	0
6200	4.01029	0
6320	4.00991	0
6440	4.00955	0
6560	4.00921	0
6680	4.00889	0
6800	4.00858	0
6920	4.00829	0
7040	4.00801	0
7160	4.00775	0
7280	4.0075	0
7400	4.00726	0
7520	4.00704	0
7640	4.00682	0
7760	4.00662	0
7880	4.00642	0
8000	4.00623	0
8120	4.00605	0
8240	4.00588	0
8360	4.00571	0
8480	4.00556	0
8600	4.0054	0
8720	4.00526	0
8840	4.00512	0
8960	4.00498	0
9080	4.00485	0
9200	4.00473	0
9320	4.00461	0
9440	4.00449	0
9560	4.00438	0
9680	4.00427	0
9800	4.00417	0
9920	4.00407	0
10040	4.00397	0
10160	4.00388	0
10280	4.00379	0
10400	4.0037	0
10520	4.00361	0
10640	4.00353	0
10760	4.00345	0
10880	4.00337	0
11000	4.00329	0
11120	4.00322	0
11240	4.00315	0
11360	4.00308	0
11480	4.00301	0
11600	4.00295	0
11720	4.00288	0
11840	4.00282	0
11960	4.00276	0
12080	4.0027	0
12200	4.00264	0
12320	4.00258	0
12440	4.00253	0
12560	4.00247	0
12680	4.00242	0
12800	4.00237	0
12920	4.00232	0
13040	4.00227	0
13160	4.00222	0
13280	4.00217	0
13400	4.00213	0
13520	4.00208	0
13640	4.00203	0
13760	4.00199	0
13880	4.00195	0
14000	4.0019	0
